1;2;26
2;3;27
3;4;28
4;5;29
5;6;30
6;7;31
7;8;32
8;9;33
9;10;34
10;11;35
11;12;36
12;13;37
13;14;38
14;15;39
15;16;40
16;17;41
17;18;42
18;19;43
19;20;44
20;21;45
21;22;46
22;23;47
23;24;48
24;25;49
25;26;50
26;27;51
27;28;52
28;29;53
29;30;54
30;31;55
31;32;56
32;33;57
33;34;58
34;35;59
35;36;60
36;37;61
37;38;62
38;39;63
39;40;64
40;41;65
41;42;66
42;43;67
43;44;68
44;45;69
45;46;70
46;47;71
47;48;72
48;49;73
49;50;74
50;51;75
51;52;76
52;53;77
53;54;78
54;55;79
55;56;80
56;57;81
57;58;82
58;59;83
59;60;84
60;61;85
61;62;86
62;63;87
63;64;88
64;65;89
65;66;90
66;67;91
67;68;92
68;69;93
69;70;94
70;71;95
71;72;96
72;73;97
73;74;98
74;75;99
75;76;100
76;77;1
77;78;2
78;79;3
79;80;4
80;81;5
81;82;6
82;83;7
83;84;8
84;85;9
85;86;10
86;87;11
87;88;12
88;89;13
89;90;14
90;91;15
91;92;16
92;93;17
93;94;18
94;95;19
95;96;20
96;97;21
97;98;22
98;99;23
99;100;24
100;1;25
